0 684 -1 532 501 -1 535 514 710 -1 480 -1 1125 -1 446
631 0 -1 236 334 672 -1 303 543 -1 203 -1 639 -1 294
-1 -1 0 -1 -1 1458 796 822 659 767 810 -1 -1 -1 757
629 236 -1 0 -1 -1 254 80 283 309 336 270 546 -1 -1
460 334 -1 -1 0 494 580 461 742 349 215 424 -1 850 -1
-1 672 1341 -1 494 0 681 716 916 -1 -1 -1 1324 -1 533
454 -1 945 254 580 681 0 204 -1 470 417 193 652 -1 194
560 282 758 86 461 660 204 0 313 -1 377 -1 -1 -1 -1
710 461 659 329 805 843 -1 269 0 -1 -1 436 592 448 -1
-1 -1 767 309 409 -1 512 -1 -1 0 226 -1 635 491 334
566 217 962 336 230 -1 491 322 -1 226 0 -1 -1 690 -1
-1 -1 -1 250 499 -1 180 -1 404 -1 -1 0 738 658 -1
1028 693 -1 645 -1 1217 652 -1 592 635 -1 807 0 160 -1
-1 -1 -1 -1 777 -1 -1 -1 488 579 748 719 151 0 647
526 253 898 -1 -1 581 223 -1 -1 334 -1 -1 -1 548 0